0	74
0	120
0	178
0	259
0	272
0	337
0	419
0	602
0	605
0	610
0	626
0	680
0	751
0	934
0	1427
0	2036
0	2123
0	2130
0	2219
0	2220
0	2234
0	2245
0	2332
0	2395
0	4003
0	4076
0	4086
0	4148
0	4185
0	4197
0	4198
0	4210
0	4275
0	4276
0	4290
0	4301
0	4335
0	4356
0	4369
0	4384
0	4396
0	4419
0	4422
0	4489
0	4506
0	4507
0	4514
0	4585
0	4598
0	4604
0	4607
0	4722
0	4723
0	4869
0	4891
0	4896
0	4919
0	4928
0	5079
0	5083
0	5093
0	5109
0	5113
0	5118
0	5132
0	5169
0	5170
0	5177
0	5185
0	5194
0	5200
0	5214
0	5219
0	5228
0	5236
0	5237
0	5243
0	5266
0	5277
0	5288
0	5292
0	6001
0	6002
0	6016
0	6024
0	6025
0	6034
0	6038
0	6082
0	6084
0	6093
0	6097
0	6104
0	6110
0	6146
0	6147
0	6155
0	6163
0	6168
0	6173
0	6175
0	6183
0	6203
0	6212
0	6228
0	6232
0	6241
0	6284
0	6286
0	6288
0	6289
0	6304
0	6312
0	6327
0	6330
0	6348
0	6357
0	6359
0	6360
0	6362
0	6370
0	6379
0	6389
0	6396
0	6402
0	6411
0	6427
0	6433
0	6436
0	6446
0	6452
0	6457
0	6459
0	6463
0	6473
0	6476
0	6509
0	6510
0	6512
0	6516
0	6534
0	6544
0	6545
0	6549
0	6559
0	6577
0	6579
0	6582
0	6586
0	6593
0	6601
0	6621
0	6622
0	6632
0	6640
0	6643
0	6648
0	6658
0	6683
0	6687
0	6691
0	6703
0	6704
0	6707
0	6721
0	6724
0	6726
0	6734
0	6747
0	6763
0	6784
0	6788
0	6793
0	6830
0	6842
0	6852
0	6857
0	6869
0	6890
0	6896
0	6918
0	6940
0	6994
0	7007
0	7015
0	7024
0	7042
0	7055
0	7092
